Sales prediction model: 
 	 RMSE:2559.3761416922985 
 	 MAE:1787.5180814917592 
 	 R2:0.5629256727622756